73 73 19 65 4F 41 94 BA A3 AA 68 26 90 67 55 5E 97 71 71 AA 4B 33 60 A2 73 60 D5 5C 3F 49 8D 8D B8 AA 26 26 7B 71 55 67 71 71 71 BD 41 51 44 71
6A 86 97 7D 22 1D 5D 8D AA 71 71 67 8D 55 67 55 55 67 8D C0 20 63 41 5B 6A 86 78 95 2C 37 3A 5B 8D 67 71 4B 67 67 67 42 42 71 67 2C 3C 35 48 54
59 8F C1 6C 41 48 70 97 84 4B 7A 1C 71 67 5E 38 67 7B B3 2F D2 3A 9B 2C 75 90 64 73 3F C9 56 0C 5E 55 67 1C 71 67 67 4B 67 67 BD 12 B8 2E 41 2F
95 2C AF 25 9C 3C 58 C6 55 5E 55 2F 84 7B 71 42 71 BD BD 63 3D 9C B8 41 84 92 54 1D 6E 3C 4F BD 2F 71 67 55 71 71 42 42 5E A0 BD 47 60 BF 8B 35
AD C9 8E 7A 3C 58 97 97 71 67 71 84 42 8D 8D 67 67 BD AA C6 27 6E 4D AF 87 87 7D D0 3C 46 97 97 71 7B 7B 42 67 5E B3 4C 84 AA AA C6 2F 54 5E D5
B3 68 97 75 58 29 16 AA 84 67 5E 71 67 71 8D 7B AA BD AA B3 63 92 99 AF B3 97 B3 58 58 3C 97 AA 7B 71 71 67 55 67 84 84 84 AA BD AA 59 5B A3 71
95 71 BD BD 84 32 29 BD 71 71 67 67 55 67 71 68 AA AA BD AA AF 4B 51 6A 82 71 BD AA 03 32 32 C6 5E 67 67 67 55 71 67 7B BD C6 AA BD 16 4B C1 6A
31 9C 95 BD C6 32 32 BD 7B 71 67 71 71 71 71 71 84 BD AA C6 AA 12 A3 57 A6 C2 99 B3 BD 0C 29 45 71 71 67 A9 67 71 71 67 7B AA BD B3 BD 38 78 44
A4 B9 A4 31 3C B3 16 AA 8D 71 84 84 71 7B 71 71 67 B3 C6 BD AA 8D 2C B3 91 A4 A3 27 C6 B3 8D BD 7B 67 7A 8D 68 71 71 71 67 AA B3 AA AA 95 22 8B
90 2C 35 BD 3F 5E C6 AA 7B 67 71 7B 72 72 71 71 BD BD BD C6 84 41 90 2F B6 AD 5B B4 2C 68 BD AA 7B 71 71 97 72 84 71 84 B3 B3 C6 AA 78 52 7D 41
49 3D 3F D1 0D CA B3 5E 68 67 71 71 5E 67 71 B3 45 AA B3 BD 5E 66 23 84 5B BD 50 50 57 B6 5E 68 7B 5E 42 71 7B 67 67 C6 45 AA C6 C6 08 78 12 68
62 6F 57 1E 57 50 B6 B3 5E 71 71 71 8D 67 B3 AA BD 7A AA 9A 1E 1E 14 DA 62 67 15 0D 0D 95 BD 68 71 67 67 A9 97 71 97 AA BD 8D C6 8E 2F 5C 42 59
58 46 0D 27 95 15 50 A3 AA 71 67 3B C6 8D 7B BD C6 BD B3 AF A8 71 63 82 4F 29 50 44 15 0D 50 BD B3 8D 67 4E BD A9 97 BD AA BD BD 59 9E 74 46 9E
32 97 B9 2E 38 15 52 C5 90 AA 71 57 3C 5E AA 7B BD BD 38 C4 6A 89 3B 46 32 97 A8 42 2F 0D 63 B4 9A B3 71 57 C6 71 C6 AA AA AA 55 D7 6A 94 33 3C
82 82 71 1C 2E B6 AD B6 4D 9C 68 45 AA 84 7B AA C6 0F 82 CE AF 70 4B 70 82 BB B3 42 38 B6 7D B6 B4 82 68 C6 BD 68 7B AA BD 27 9E CE AF 54 60 70
93 90 8B 42 5E B3 68 93 B6 91 BD AA AA 7B 97 AA 29 31 AE A5 4F 32 29 56 80 9A 91 2E 38 AA B3 90 9A B6 AA AA 8D A0 AA 97 3A 60 9B A5 4F 3C 20 4D
7F 87 35 2E 50 55 97 AA 9E 46 C0 20 46 57 2E 52 63 7D 6A 56 7A 22 20 38 C2 9C 46 42 63 84 84 AA 95 D1 63 27 2E 25 33 52 59 59 4D 60 97 22 18 2E
72 78 8E 38 95 67 71 67 AA 0D 57 70 A5 AF 35 41 35 41 48 77 7E 48 16 20 72 D5 C7 4B 8B 71 84 7A BD 44 75 9E 9B AF AE 43 35 54 5B 75 77 64 2C 35
AA 84 9A 8B B3 AA 84 84 71 6D E5 AA 64 60 37 48 48 35 AE 79 A6 66 51 3A 97 84 9C 8B AA 8D 8D 7B 7B A5 A2 A2 EC 60 53 3F 35 3E C8 BB 8A 64 66 48
B3 72 93 2E 29 BD 7B 84 54 8F 21 6B 5A CC 1F 6B 77 94 64 C0 AD 7C 66 65 84 84 74 B9 31 BD BD AA 9C A2 AA E5 DB AF 15 AE 64 6E 77 C0 93 79 5A 5D
3F 63 6E 6A 92 54 95 B3 67 64 64 DB CA 71 83 94 83 75 88 91 B0 96 80 5A AD 52 A3 2E 8F 92 1D B3 67 21 6B DB B8 71 70 9F 70 88 75 89 A6 96 80 80
B8 CA 64 D4 53 9B 62 54 CA DB E2 C8 A4 59 91 5B 8A 7A 8F CC A6 A9 87 6E D4 DB 5A 64 5A B8 7C 24 CA 64 5A D2 B8 63 9A 62 9D 83 88 AF CC B2 7C 64
53 D2 CA 5A 49 51 5A 5A 5A D4 B8 AE AE 8B 91 69 A4 A9 91 C2 A6 9F 96 64 53 D2 D2 DB 49 53 D4 D4 DB D4 DB D4 94 A8 88 4D AE 9F 89 AD B9 AB 96 82
49 B8 CA 51 CA 49 D4 D4 CA D4 CA AE 6E 33 5B 58 70 A1 D3 C2 C5 C0 8E 79 49 C1 C8 CA D2 49 49 CA E7 B8 CA AE 81 4D 6C 57 8C 98 CC C9 C7 C0 A6 77
00 00 00 00 00 00 00 00 00 00 00 00 00 00 00 00 00 00 00 00 00 00 00 00 00 00 00 00 00 00 00 00 00 00 00 00 00 00 00 00 00 00 00 00 00 00 00 00
00 00 00 00 00 00 00 00 00 00 00 00 00 00 00 00 00 00 00 00 00 00 00 00 00 00 00 00 00 00 00 00 00 00 00 00 00 00 00 00 00 00 00 00 00 00 00 00
00 00 00 00 00 00 00 00 00 00 00 00 00 00 00 00 00 00 00 00 00 00 00 00 00 00 00 00 00 00 00 00 00 00 00 00 00 00 00 00 00 00 00 00 00 00 00 00
00 00 00 00 00 00 00 00 00 00 00 00 00 00 00 00 00 00 00 00 00 00 00 00 00 00 00 00 00 00 00 00 00 00 00 00 00 00 00 00 00 00 00 00 00 00 00 00
00 00 00 00 00 00 00 00 00 00 00 00 00 00 00 00 00 00 00 00 00 00 00 00 00 00 00 00 00 00 00 00 00 00 00 00 00 00 00 00 00 00 00 00 00 00 00 00
00 00 00 00 00 00 00 00 00 00 00 00 00 00 00 00 00 00 00 00 00 00 00 00 00 00 00 00 00 00 00 00 00 00 00 00 00 00 00 00 00 00 00 00 00 00 00 00
00 00 00 00 00 00 00 00 00 00 00 00 00 00 00 00 00 00 00 00 00 00 00 00 00 00 00 00 00 00 00 00 00 00 00 00 00 00 00 00 00 00 00 00 00 00 00 00
00 00 00 00 00 00 00 00 00 00 00 00 00 00 00 00 00 00 00 00 00 00 00 00 00 00 00 00 00 00 00 00 00 00 00 00 00 00 00 00 00 00 00 00 00 00 00 00
00 00 00 00 00 00 00 00 00 00 00 00 00 00 00 00 00 00 00 00 00 00 00 00 00 00 00 00 00 00 00 00 00 00 00 00 00 00 00 00 00 00 00 00 00 00 00 00
00 00 00 00 00 00 00 00 00 00 00 00 00 00 00 00 00 00 00 00 00 00 00 00 00 00 00 00 00 00 00 00 00 00 00 00 00 00 00 00 00 00 00 00 00 00 00 00
00 00 00 00 00 00 00 00 00 00 00 00 00 00 00 00 00 00 00 00 00 00 00 00 00 00 00 00 00 00 00 00 00 00 00 00 00 00 00 00 00 00 00 00 00 00 00 00
00 00 00 00 00 00 00 00 00 00 00 00 00 00 00 00 00 00 00 00 00 00 00 00 00 00 00 00 00 00 00 00 00 00 00 00 00 00 00 00 00 00 00 00 00 00 00 00
00 00 00 00 00 00 00 00 00 00 00 00 00 00 00 00 00 00 00 00 00 00 00 00 00 00 00 00 00 00 00 00 00 00 00 00 00 00 00 00 00 00 00 00 00 00 00 00
00 00 00 00 00 00 00 00 00 00 00 00 00 00 00 00 00 00 00 00 00 00 00 00 00 00 00 00 00 00 00 00 00 00 00 00 00 00 00 00 00 00 00 00 00 00 00 00
00 00 00 00 00 00 00 00 00 00 00 00 00 00 00 00 00 00 00 00 00 00 00 00 00 00 00 00 00 00 00 00 00 00 00 00 00 00 00 00 00 00 00 00 00 00 00 00
00 00 00 00 00 00 00 00 00 00 00 00 00 00 00 00 00 00 00 00 00 00 00 00 00 00 00 00 00 00 00 00 00 00 00 00 00 00 00 00 00 00 00 00 00 00 00 00
00 00 00 00 00 00 00 00 00 00 00 00 00 00 00 00 00 00 00 00 00 00 00 00 00 00 00 00 00 00 00 00 00 00 00 00 00 00 00 00 00 00 00 00 00 00 00 00
00 00 00 00 00 00 00 00 00 00 00 00 00 00 00 00 00 00 00 00 00 00 00 00 00 00 00 00 00 00 00 00 00 00 00 00 00 00 00 00 00 00 00 00 00 00 00 00
00 00 00 00 00 00 00 00 00 00 00 00 00 00 00 00 00 00 00 00 00 00 00 00 00 00 00 00 00 00 00 00 00 00 00 00 00 00 00 00 00 00 00 00 00 00 00 00
00 00 00 00 00 00 00 00 00 00 00 00 00 00 00 00 00 00 00 00 00 00 00 00 00 00 00 00 00 00 00 00 00 00 00 00 00 00 00 00 00 00 00 00 00 00 00 00
00 00 00 00 00 00 00 00 00 00 00 00 00 00 00 00 00 00 00 00 00 00 00 00 00 00 00 00 00 00 00 00 00 00 00 00 00 00 00 00 00 00 00 00 00 00 00 00
00 00 00 00 00 00 00 00 00 00 00 00 00 00 00 00 00 00 00 00 00 00 00 00 00 00 00 00 00 00 00 00 00 00 00 00 00 00 00 00 00 00 00 00 00 00 00 00
00 00 00 00 00 00 00 00 00 00 00 00 00 00 00 00 00 00 00 00 00 00 00 00 00 00 00 00 00 00 00 00 00 00 00 00 00 00 00 00 00 00 00 00 00 00 00 00
00 00 00 00 00 00 00 00 00 00 00 00 00 00 00 00 00 00 00 00 00 00 00 00 00 00 00 00 00 00 00 00 00 00 00 00 00 00 00 00 00 00 00 00 00 00 00 00