DEBUG_IMAGE_START
26 2B 29 2A 20 2B 29 29 23 24 29 29 28 29 28 29 27 26 27 26 26 28 26 26 27 24 26 29 29 28 26 27 27 24 28 26 26 25 27 24 22 26 20 23 20 23 26 21
28 27 28 2B 26 28 27 29 28 26 27 26 28 26 29 26 2B 2A 28 2A 26 2B 25 23 27 27 28 29 26 28 26 24 23 26 25 24 27 26 26 23 23 23 23 23 22 23 1C 21
28 26 28 2B 27 28 27 26 27 24 28 29 27 26 28 28 29 29 29 28 27 29 27 28 28 26 28 28 28 28 24 27 27 27 25 28 1F 26 28 25 22 26 27 22 25 25 21 23
2A 2A 26 28 26 29 27 29 2A 26 29 2A 26 28 27 29 23 27 24 28 27 28 28 28 26 28 26 28 26 26 26 24 28 29 27 26 23 29 25 28 23 25 26 22 26 26 23 22
29 2B 28 28 28 27 27 29 26 27 29 29 29 26 28 2B 27 28 2B 24 28 28 26 2B 28 28 29 29 27 28 2A 2A 29 29 2A 26 27 2A 28 26 26 26 26 26 23 29 20 23
2D 29 2A 28 26 29 29 26 28 29 26 26 29 28 26 26 28 2B 26 27 29 28 2B 28 29 28 2B 29 28 2A 26 27 28 26 28 28 27 28 27 23 26 26 23 1E 21 26 23 20
2B 29 26 2A 26 29 26 28 27 29 29 28 27 28 28 28 28 28 2B 24 2A 2B 28 28 2A 28 23 2B 29 28 28 24 26 2D 29 2A 26 29 27 23 28 28 23 27 26 25 25 27
2D 29 2E 2A 28 29 27 29 2E 29 27 2B 26 2A 29 28 2A 2A 26 26 2A 2A 2A 28 2A 28 26 29 28 28 2B 29 2B 26 28 29 28 28 28 23 25 23 23 28 27 23 22 25
2A 29 30 28 29 28 28 2A 28 2A 2A 2A 26 27 29 28 2A 2B 27 2A 26 28 28 28 26 2B 2A 28 29 2D 2A 27 29 25 28 2D 2A 2B 28 28 27 27 26 27 25 23 23 25
2A 2B 27 27 28 29 28 28 29 29 2A 2B 29 26 28 2E 29 29 29 2A 26 2A 2D 28 2A 28 28 2B 27 28 29 28 26 29 28 28 28 29 25 26 26 25 26 25 23 23 25 22
2A 26 2A 2B 27 2B 2D 26 29 2B 2B 27 28 27 29 26 29 27 2A 2A 26 2A 26 28 28 2A 26 28 28 2A 26 28 28 28 28 2A 23 2B 28 29 26 26 27 26 27 26 22 26
2A 28 27 27 27 2A 2B 29 28 28 26 27 28 28 28 2A 28 26 29 26 26 28 27 2B 29 29 28 2A 2B 2A 29 2A 27 29 28 29 28 28 28 29 24 26 23 27 26 22 23 23
28 2A 2A 29 28 2A 27 28 28 27 26 2B 28 29 27 27 2B 2E 28 28 28 2C 26 28 28 28 28 29 28 2B 2A 28 28 28 29 29 28 28 28 25 27 25 24 23 22 27 28 21
2A 28 2B 26 26 29 29 29 2A 29 26 28 28 28 28 28 2A 27 2A 2A 28 28 2A 2A 2A 27 28 28 2A 29 28 2A 28 2A 28 2B 29 27 28 26 23 2B 26 23 25 26 26 24
28 28 29 28 28 28 29 2A 27 28 2A 26 26 28 29 29 29 28 28 28 2A 28 2A 27 2A 26 2A 29 28 28 28 27 28 28 28 2A 2B 2A 26 25 28 26 23 28 27 22 26 25
2A 28 28 2D 2A 2A 29 2B 28 27 2A 28 29 29 26 28 28 26 28 2A 29 2A 2A 28 2B 2A 2A 26 2A 2B 26 28 2A 2A 28 2A 2B 28 28 26 27 26 28 26 26 23 1E 23
2A 23 29 29 29 28 29 29 26 2B 26 2B 28 2A 28 27 29 27 2D 2A 2A 2A 27 29 25 29 26 2B 2D 2A 26 26 2B 28 2A 28 28 2A 26 27 26 2A 23 26 28 25 27 23
2A 2A 29 23 28 28 2A 23 26 2A 26 28 2A 2A 28 27 28 2A 26 2A 28 28 28 29 26 2A 2B 2A 2A 2A 28 2B 26 2D 29 28 29 26 28 27 27 28 28 25 26 26 25 28
29 2D 29 29 28 2A 2E 2B 2A 29 2A 2E 2D 2A 24 28 2A 2B 2A 2A 27 27 26 28 26 28 28 28 26 2C 29 28 2A 28 2B 2A 29 29 28 27 27 28 2A 24 27 23 27 26
29 2A 29 26 28 26 2C 24 26 28 2A 29 26 29 27 28 2A 2A 28 29 28 28 26 26 28 29 27 26 2A 28 25 2A 2A 2A 2A 2B 29 2B 2A 27 26 28 26 26 28 27 22 25
2E 2B 28 29 2A 27 2B 29 28 28 2D 29 28 28 26 28 28 28 28 26 29 2B 29 28 2A 26 27 28 28 2C 28 28 28 28 28 28 29 27 28 2A 28 26 27 29 25 25 22 22
29 2A 2B 29 28 29 28 26 27 24 2B 28 28 28 25 29 2A 28 26 27 26 26 27 2A 2A 28 26 28 29 28 28 28 28 29 28 2D 28 29 28 23 26 25 21 26 23 28 26 25
2A 29 2C 29 2A 2A 2B 26 2D 28 28 2E 26 28 28 28 2A 29 27 26 26 28 28 28 27 27 28 28 28 28 28 2A 28 2B 2B 2F 29 28 28 27 26 28 25 2B 2B 25 25 2B
2E 28 28 2A 28 29 28 27 26 26 29 28 28 27 2A 26 2A 27 26 28 26 27 26 28 26 26 2A 27 28 28 28 2A 2B 28 2A 28 28 28 28 27 29 28 27 29 28 28 25 24
2A 29 26 27 23 27 2A 28 2A 23 25 28 29 26 28 28 2D 2B 29 26 28 26 26 26 28 28 27 2A 26 2B 26 26 28 28 28 28 2B 27 26 27 25 26 28 26 20 25 25 25
26 28 28 26 24 29 2B 27 28 26 27 29 28 26 29 2F 2D 29 28 29 26 28 26 26 28 28 26 29 2B 27 26 26 29 27 26 28 27 28 27 28 28 27 23 23 26 25 22 26
2D 2A 27 29 26 28 29 27 28 26 28 2B 28 29 28 28 26 28 23 26 26 2A 26 26 2A 28 27 28 28 2C 28 26 28 26 29 28 28 2A 28 28 25 2B 25 25 28 25 25 26
2A 28 27 26 2A 29 28 29 28 28 28 2A 29 29 2A 2A 2A 2A 26 29 28 2A 28 29 27 28 28 28 2A 28 2A 28 26 28 2A 28 28 28 26 29 26 26 22 29 23 21 21 24
26 28 28 26 26 2A 28 28 26 29 27 2A 28 26 26 28 26 2A 27 28 26 27 27 27 26 27 26 26 28 27 26 29 29 2A 28 29 2B 28 25 26 26 25 27 28 27 23 22 25
26 25 29 24 26 28 26 28 29 28 26 26 23 27 27 25 26 28 26 28 25 28 26 23 27 28 25 28 2A 2A 28 28 29 27 29 2A 28 26 27 28 28 27 26 26 25 25 21 22
26 2B 26 28 27 27 27 26 24 27 28 23 29 26 27 26 26 28 28 29 28 28 27 28 25 27 27 27 25 24 28 29 28 26 26 27 26 25 26 26 26 27 22 26 27 22 22 26
29 27 23 28 27 26 28 27 24 23 25 23 28 28 29 29 29 27 26 28 26 28 28 28 28 25 27 27 27 28 28 26 27 27 28 28 23 28 24 27 25 26 26 22 26 25 27 23
27 27 27 24 26 23 28 23 27 24 24 27 23 28 23 26 27 26 24 26 26 28 25 26 26 26 27 28 28 27 28 26 27 28 23 22 26 28 27 26 27 26 26 25 25 25 21 20
27 23 27 26 24 26 23 24 24 27 27 26 23 25 22 26 23 23 23 26 28 26 26 27 26 23 28 26 26 27 26 28 26 26 28 2B 28 28 26 26 27 26 22 21 25 22 25 28
27 26 23 24 23 25 23 24 26 24 23 22 24 26 26 2B 26 26 26 26 26 27 28 27 28 28 26 28 26 23 26 28 28 28 28 28 26 23 27 26 22 23 26 25 23 22 25 22
27 26 28 24 23 23 23 22 24 23 24 27 23 22 23 26 27 26 26 26 23 26 27 26 26 23 26 27 28 26 29 23 28 25 2A 28 27 23 26 23 26 27 23 23 21 20 1B 22
26 24 21 20 23 29 26 21 24 23 24 29 24 26 28 26 23 26 26 26 26 26 24 22 26 26 26 27 27 28 27 24 22 22 29 27 23 26 28 25 26 25 22 22 23 18 23 23
23 22 26 25 23 23 23 23 22 23 24 26 26 23 23 26 24 26 26 26 24 26 26 24 25 27 26 2A 28 26 23 25 28 26 26 26 26 27 26 23 26 26 22 23 26 22 21 1C
27 26 27 23 22 23 27 24 22 24 25 27 24 24 25 26 26 27 24 26 28 26 23 28 26 27 23 24 26 23 26 23 25 26 23 28 26 22 26 23 22 23 21 25 20 21 1F 22
22 26 23 24 25 23 23 23 23 21 20 23 23 22 23 23 28 23 25 26 22 22 26 22 23 26 24 25 26 25 25 23 24 27 26 26 22 23 23 21 20 20 23 23 22 1F 20 21
27 26 21 24 21 26 22 21 22 22 23 23 26 23 24 24 26 25 26 26 23 24 25 27 25 25 26 26 23 26 28 25 22 26 25 25 23 24 26 21 25 23 20 23 22 20 20 23
22 23 22 1E 21 22 21 23 21 21 23 22 22 22 25 22 24 21 24 27 23 21 26 24 1E 23 21 27 24 23 23 22 22 25 25 23 23 22 22 21 1E 20 1F 26 1E 1E 1B 23
21 22 22 21 1E 23 21 21 23 1F 23 21 24 20 23 21 24 23 21 22 23 22 22 22 25 20 24 25 24 23 21 22 25 25 24 23 23 22 24 21 1F 20 20 23 21 1E 1F 1B
21 1C 21 1F 1F 22 22 22 1F 20 25 23 20 20 23 26 26 23 21 22 21 21 27 23 23 23 26 20 22 23 22 23 23 23 24 23 23 21 26 20 1B 22 20 20 1F 1B 19 20
20 23 26 21 20 23 21 21 20 1F 21 23 1F 21 22 23 23 20 23 26 22 22 22 22 20 25 20 26 25 20 21 20 26 23 23 25 25 20 23 21 21 23 1F 22 1F 21 19 23
21 20 25 1F 1F 22 18 20 21 1F 21 1F 20 21 28 21 23 22 23 25 24 23 22 22 22 22 23 22 22 22 23 23 27 23 25 25 21 1E 26 19 1B 20 1E 1B 15 1F 20 1C
1C 1C 20 1B 19 1E 1C 1F 1E 20 20 23 21 21 20 1E 21 20 1B 21 23 20 21 20 21 20 23 1F 20 23 23 1F 26 1C 23 21 1C 22 28 21 1C 23 1F 1C 1E 1C 1B 1E
26 1F 23 20 20 1E 22 21 1F 20 1E 22 1F 1F 21 1F 21 23 23 21 20 1E 21 22 26 22 25 20 25 23 22 22 20 21 22 1F 22 25 20 1F 19 1E 1F 1C 1A 1B 17 20
DEBUG_IMAGE_END

Non-face score: 0.0777
Face score:     0.9222
